0,0,0,0,0 0
0,0,0,0,0 0
0,0,0,0,0 0
0,0,0,0,0 0
1,1,468,890,5040 0
1,1,428,887,5913 0
1,1,391,890,5600 0
1,1,356,906,4374 1
1,1,310,912,4416 1
1,1,262,882,6318 1
1,1,197,886,6364 1
1,1,158,879,6804 1
1,1,135,890,4760 1
0,0,0,0,0 1
0,0,0,0,0 1
0,0,0,0,0 1
1,1,104,668,3339 1
0,0,0,0,0 1
0,0,0,0,0 1
1,1,15,649,4320 1
0,0,0,0,0 0
1,1,0,622,3570 0
0,0,0,0,0 0
0,0,0,0,0 0
0,0,0,0,0 0
0,0,0,0,0 0
0,0,0,0,0 0
0,0,0,0,0 0
0,0,0,0,0 0
0,0,0,0,0 0
0,0,0,0,0 0
0,0,0,0,0 0
0,0,0,0,0 0
0,0,0,0,0 0
0,0,0,0,0 0
0,0,0,0,0 0
0,0,0,0,0 0
0,0,0,0,0 0
0,0,0,0,0 0
0,0,0,0,0 0
0,0,0,0,0 0
0,0,0,0,0 0
0,0,0,0,0 0
0,0,0,0,0 0
0,0,0,0,0 0
0,0,0,0,0 0
0,0,0,0,0 0
0,0,0,0,0 0
0,0,0,0,0 0
0,0,0,0,0 0
0,0,0,0,0 0
0,0,0,0,0 0
0,0,0,0,0 0
0,0,0,0,0 0
0,0,0,0,0 0
0,0,0,0,0 0
0,0,0,0,0 0
0,0,0,0,0 0
0,0,0,0,0 0
0,0,0,0,0 0
0,0,0,0,0 0
0,0,0,0,0 0
0,0,0,0,0 0
0,0,0,0,0 0
0,0,0,0,0 0
0,0,0,0,0 0
0,0,0,0,0 0
0,0,0,0,0 0
0,0,0,0,0 0
0,0,0,0,0 0
0,0,0,0,0 0
0,0,0,0,0 0
0,0,0,0,0 0
0,0,0,0,0 0
0,0,0,0,0 0
0,0,0,0,0 0
0,0,0,0,0 0
0,0,0,0,0 0
0,0,0,0,0 0
0,0,0,0,0 0
0,0,0,0,0 0
0,0,0,0,0 0
0,0,0,0,0 0
0,0,0,0,0 0
0,0,0,0,0 0
0,0,0,0,0 0
0,0,0,0,0 0
0,0,0,0,0 0
0,0,0,0,0 0
0,0,0,0,0 0
0,0,0,0,0 0
0,0,0,0,0 0
1,1,0,419,4180 0
1,1,0,421,5332 0
1,1,0,413,6528 0
1,1,0,400,8382 1
0,0,0,0,0 1
0,0,0,0,0 1
1,1,0,370,12255 1
0,0,0,0,0 1
0,0,0,0,0 1
1,1,13,358,12375 1
0,0,0,0,0 1
0,0,0,0,0 0
0,0,0,0,0 0
0,0,0,0,0 0
0,0,0,0,0 0
0,0,0,0,0 0
0,0,0,0,0 0
0,0,0,0,0 0
0,0,0,0,0 0
0,0,0,0,0 0
0,0,0,0,0 0
0,0,0,0,0 0
0,0,0,0,0 0
1,1,172,133,12420 0
1,1,179,128,12834 0
1,1,179,123,12927 0
1,1,119,863,18042 1
1,1,103,842,18880 1
0,0,0,0,0 1
0,0,0,0,0 1
0,0,0,0,0 1
0,0,0,0,0 1
0,0,0,0,0 1
0,0,0,0,0 0
0,0,0,0,0 0
0,0,0,0,0 0
0,0,0,0,0 0
1,1,78,434,13189 0
1,1,84,438,13080 0
1,1,79,441,13786 0
0,0,0,0,0 0
0,0,0,0,0 0
0,0,0,0,0 0
0,0,0,0,0 0
0,0,0,0,0 0
1,1,83,460,13664 0
0,0,0,0,0 0
0,0,0,0,0 0
1,1,91,460,13552 0
1,1,96,463,13431 0
0,0,0,0,0 0
1,1,99,467,13440 0
0,0,0,0,0 0
0,0,0,0,0 0
1,1,113,468,12980 1
0,0,0,0,0 1
0,0,0,0,0 1
0,0,0,0,0 0
0,0,0,0,0 0
1,1,136,468,12753 0
1,1,146,468,12412 0
0,0,0,0,0 0
0,0,0,0,0 0
1,1,172,468,12084 0
1,1,182,470,11865 0
0,0,0,0,0 0
0,0,0,0,0 1
0,0,0,0,0 1
1,1,220,480,11648 1
1,1,229,483,11544 1
0,0,0,0,0 1
1,1,248,488,11330 1
0,0,0,0,0 1
1,1,268,494,11440 1
1,1,276,496,11660 1
0,0,0,0,0 1
0,0,0,0,0 1
0,0,0,0,0 1
0,0,0,0,0 0
0,0,0,0,0 0
0,0,0,0,0 0
0,0,0,0,0 0
1,1,365,521,11232 0
0,0,0,0,0 0
0,0,0,0,0 0
0,0,0,0,0 0
0,0,0,0,0 0
1,1,417,528,11877 0
0,0,0,0,0 0
1,1,445,531,10165 0
1,1,456,530,8988 0
1,1,471,529,7383 0
1,1,480,543,5940 1
1,1,474,554,7260 1
1,1,492,576,4272 1
0,0,0,0,0 1
0,0,0,0,0 1
0,0,0,0,0 1
1,1,237,871,3132 1
1,1,238,891,3120 1
0,0,0,0,0 1
1,1,241,902,3364 1
1,1,247,906,3024 1
0,0,0,0,0 1
0,0,0,0,0 1
1,1,484,763,5096 1
0,0,0,0,0 1
1,1,476,784,11264 1
1,1,482,796,9512 1
1,1,486,802,8532 1
1,1,0,135,8213 1
1,1,0,129,13650 1
1,1,0,121,18800 1
1,1,0,109,24926 1
1,1,0,96,31672 1
0,0,0,0,0 1
0,0,0,0,0 1
0,0,0,0,0 1
0,0,0,0,0 1
0,0,0,0,0 1
0,0,0,0,0 0
0,0,0,0,0 0
1,2,176,63,36639 0
0,0,0,0,0 0
0,0,0,0,0 0
0,0,0,0,0 0
0,0,0,0,0 0
0,0,0,0,0 0
0,0,0,0,0 0
1,2,333,71,36270 0
0,0,0,0,0 0
0,0,0,0,0 0
1,1,391,84,28012 0
1,1,411,94,23865 0
1,1,429,104,20202 0
1,1,445,111,17005 1
1,1,460,116,14240 1
1,1,478,124,10416 1
1,1,496,152,6512 1
1,1,514,178,3250 1
0,0,0,0,0 1
0,0,0,0,0 1
0,0,0,0,0 1
0,0,0,0,0 1
0,0,0,0,0 1
0,0,0,0,0 0
0,0,0,0,0 0
0,0,0,0,0 0
0,0,0,0,0 0
0,0,0,0,0 0
0,0,0,0,0 0
0,0,0,0,0 0
0,0,0,0,0 0
0,0,0,0,0 0
0,0,0,0,0 0
0,0,0,0,0 0
0,0,0,0,0 0
0,0,0,0,0 0
0,0,0,0,0 0
0,0,0,0,0 0
0,0,0,0,0 0
0,0,0,0,0 0
0,0,0,0,0 0
0,0,0,0,0 0
0,0,0,0,0 0
0,0,0,0,0 0
0,0,0,0,0 0
0,0,0,0,0 0
0,0,0,0,0 0
0,0,0,0,0 0
0,0,0,0,0 0
0,0,0,0,0 0
0,0,0,0,0 0
0,0,0,0,0 0
0,0,0,0,0 0
0,0,0,0,0 0
0,0,0,0,0 0
0,0,0,0,0 0
0,0,0,0,0 0
0,0,0,0,0 0
0,0,0,0,0 0
0,0,0,0,0 0
0,0,0,0,0 0
0,0,0,0,0 0
0,0,0,0,0 0
0,0,0,0,0 0
0,0,0,0,0 0
0,0,0,0,0 0
0,0,0,0,0 0
0,0,0,0,0 0
0,0,0,0,0 0
0,0,0,0,0 0
0,0,0,0,0 0
0,0,0,0,0 0
0,0,0,0,0 0
0,0,0,0,0 0
0,0,0,0,0 0
0,0,0,0,0 0
0,0,0,0,0 0
0,0,0,0,0 0
0,0,0,0,0 0
0,0,0,0,0 0
0,0,0,0,0 0
0,0,0,0,0 0
0,0,0,0,0 0
0,0,0,0,0 0
0,0,0,0,0 0
0,0,0,0,0 0
0,0,0,0,0 0
0,0,0,0,0 0
0,0,0,0,0 0
1,1,0,0,4884 0
1,1,0,0,8484 0
1,1,0,0,12090 0
1,1,0,0,15756 1
1,1,0,0,20165 1
1,1,23,0,22848 1
1,1,49,0,25152 1
0,0,0,0,0 1
0,0,0,0,0 1
0,0,0,0,0 1
0,0,0,0,0 1
0,0,0,0,0 1
0,0,0,0,0 0
0,0,0,0,0 0
0,0,0,0,0 0
0,0,0,0,0 0
1,2,257,57,36064 0
0,0,0,0,0 0
0,0,0,0,0 0
0,0,0,0,0 0
0,0,0,0,0 0
0,0,0,0,0 0
0,0,0,0,0 0
0,0,0,0,0 0
0,0,0,0,0 0
0,0,0,0,0 0
0,0,0,0,0 0
0,0,0,0,0 0
0,0,0,0,0 0
0,0,0,0,0 0
0,0,0,0,0 0
0,0,0,0,0 0
0,0,0,0,0 0
0,0,0,0,0 0
0,0,0,0,0 0
0,0,0,0,0 0
0,0,0,0,0 0
0,0,0,0,0 0
1,1,357,202,30927 0
0,0,0,0,0 0
0,0,0,0,0 0
1,2,345,204,31897 0
0,0,0,0,0 0
0,0,0,0,0 0
0,0,0,0,0 0
0,0,0,0,0 0
0,0,0,0,0 0
0,0,0,0,0 0
0,0,0,0,0 0
0,0,0,0,0 0
0,0,0,0,0 0
1,1,180,214,22950 0
1,1,149,208,22800 0
0,0,0,0,0 0
0,0,0,0,0 0
0,0,0,0,0 0
0,0,0,0,0 0
1,1,0,164,17004 0
1,1,0,172,8442 0
0,0,0,0,0 0
0,0,0,0,0 0
0,0,0,0,0 0
0,0,0,0,0 0
0,0,0,0,0 0
0,0,0,0,0 0
0,0,0,0,0 0
0,0,0,0,0 0
0,0,0,0,0 0
0,0,0,0,0 0
0,0,0,0,0 0
0,0,0,0,0 0
0,0,0,0,0 0
0,0,0,0,0 0
0,0,0,0,0 0
0,0,0,0,0 0
0,0,0,0,0 0
0,0,0,0,0 0
0,0,0,0,0 0
0,0,0,0,0 0
0,0,0,0,0 0
0,0,0,0,0 0
0,0,0,0,0 0
0,0,0,0,0 0
0,0,0,0,0 0
0,0,0,0,0 0
0,0,0,0,0 0
0,0,0,0,0 0
0,0,0,0,0 0
1,1,512,545,3220 0
1,1,481,500,8614 0
1,1,449,473,14287 0
1,1,418,451,19642 1
1,1,387,427,25092 1
0,0,0,0,0 1
0,0,0,0,0 1
0,0,0,0,0 1
0,0,0,0,0 1
0,0,0,0,0 1
0,0,0,0,0 0
0,0,0,0,0 0
0,0,0,0,0 0
0,0,0,0,0 0
1,1,0,140,36115 0
1,1,0,126,22763 0
1,1,0,116,7956 0
1,1,441,839,11979 1
1,1,421,815,17255 1
1,1,399,767,27213 1
1,1,375,739,36465 1
1,1,358,716,44408 1
0,0,0,0,0 1
0,0,0,0,0 1
0,0,0,0,0 1
0,0,0,0,0 1
0,0,0,0,0 1
0,0,0,0,0 0
0,0,0,0,0 0
0,0,0,0,0 0
0,0,0,0,0 0
0,0,0,0,0 0
0,0,0,0,0 0
0,0,0,0,0 0
1,1,254,560,21291 0
0,0,0,0,0 0
0,0,0,0,0 0
0,0,0,0,0 0
0,0,0,0,0 0
1,1,225,520,12204 0
0,0,0,0,0 0
0,0,0,0,0 0
0,0,0,0,0 0
1,1,146,501,13688 0
1,1,131,497,13455 0
0,0,0,0,0 0
1,1,104,486,13452 0
0,0,0,0,0 0
0,0,0,0,0 0
0,0,0,0,0 0
1,1,41,456,14399 0
1,1,10,453,15129 0
1,1,0,451,12750 0
1,1,0,451,9525 1
1,1,0,453,6490 1
1,1,0,461,3813 1
0,0,0,0,0 1
0,0,0,0,0 1
0,0,0,0,0 1
0,0,0,0,0 1
0,0,0,0,0 1
0,0,0,0,0 0
0,0,0,0,0 0
0,0,0,0,0 0
0,0,0,0,0 0
0,0,0,0,0 0
0,0,0,0,0 0
0,0,0,0,0 0
0,0,0,0,0 0
0,0,0,0,0 0
0,0,0,0,0 0
0,0,0,0,0 0
0,0,0,0,0 0
0,0,0,0,0 0
0,0,0,0,0 0
0,0,0,0,0 0
0,0,0,0,0 0
0,0,0,0,0 0
0,0,0,0,0 0
0,0,0,0,0 0
0,0,0,0,0 0
0,0,0,0,0 0
0,0,0,0,0 0
0,0,0,0,0 0
0,0,0,0,0 0
0,0,0,0,0 0
0,0,0,0,0 0
0,0,0,0,0 0
0,0,0,0,0 0
0,0,0,0,0 0
0,0,0,0,0 0
0,0,0,0,0 0
0,0,0,0,0 0
0,0,0,0,0 0
1,1,0,457,3290 0
1,1,0,460,4320 0
1,1,0,464,5490 0
1,1,0,466,6273 1
1,1,0,470,6678 1
1,1,0,475,7366 1
1,1,0,480,8128 1
1,1,0,484,8636 1
1,1,0,490,9216 1
1,1,0,496,9779 1
0,0,0,0,0 1
1,1,0,506,10922 1
0,0,0,0,0 1
0,0,0,0,0 1
1,1,0,517,12827 1
1,1,0,520,13734 1
1,1,0,519,14351 1
0,0,0,0,0 1
0,0,0,0,0 1
1,1,13,521,14375 1
0,0,0,0,0 1
0,0,0,0,0 1
0,0,0,0,0 1
0,0,0,0,0 0
0,0,0,0,0 0
0,0,0,0,0 0
0,0,0,0,0 0
0,0,0,0,0 0
0,0,0,0,0 0
0,0,0,0,0 0
0,0,0,0,0 0
0,0,0,0,0 0
0,0,0,0,0 0
1,1,137,473,11413 0
0,0,0,0,0 0
0,0,0,0,0 0
0,0,0,0,0 0
0,0,0,0,0 0
0,0,0,0,0 0
1,1,187,473,11100 0
0,0,0,0,0 0
0,0,0,0,0 0
0,0,0,0,0 0
1,1,227,474,10355 0
0,0,0,0,0 0
0,0,0,0,0 0
0,0,0,0,0 0
0,0,0,0,0 0
0,0,0,0,0 0
0,0,0,0,0 0
0,0,0,0,0 0
0,0,0,0,0 0
0,0,0,0,0 0
0,0,0,0,0 0
0,0,0,0,0 0
0,0,0,0,0 0
0,0,0,0,0 0
0,0,0,0,0 0
0,0,0,0,0 0
0,0,0,0,0 0
0,0,0,0,0 0
0,0,0,0,0 0
0,0,0,0,0 0
0,0,0,0,0 0
0,0,0,0,0 0
0,0,0,0,0 0
1,1,411,515,17415 0
1,1,418,514,16470 0
1,1,424,518,15544 0
1,1,430,523,14630 1
1,1,441,523,13266 1
1,1,449,524,12103 1
1,1,453,528,11484 1
1,1,461,532,10428 1
1,1,468,541,9144 1
1,1,475,553,8060 1
1,1,213,862,3416 1
0,0,0,0,0 1
0,0,0,0,0 1
1,1,243,867,3355 1
1,1,254,868,3355 1
1,1,262,869,3528 1
1,1,267,873,3584 1
1,1,276,877,3584 1
1,1,285,881,3640 1
1,1,290,888,3696 1
1,1,298,893,3630 1
1,1,305,895,3575 1
1,1,313,900,3300 1
1,1,321,904,3136 1
0,0,0,0,0 1
0,0,0,0,0 1
1,1,0,253,7462 1
1,1,0,252,11592 1
1,1,0,251,16095 1
1,1,0,251,21056 1
1,1,0,249,24890 1
1,1,0,246,28992 1
0,0,0,0,0 1
0,0,0,0,0 1
0,0,0,0,0 1
0,0,0,0,0 1
0,0,0,0,0 1
0,0,0,0,0 0
0,0,0,0,0 0
0,0,0,0,0 0
0,0,0,0,0 0
0,0,0,0,0 0
0,0,0,0,0 0
0,0,0,0,0 0
0,0,0,0,0 0
0,0,0,0,0 0
0,0,0,0,0 0
0,0,0,0,0 0
0,0,0,0,0 0
0,0,0,0,0 0
0,0,0,0,0 0
0,0,0,0,0 0
1,1,406,294,23718 0
1,1,427,300,19888 0
1,1,445,300,16815 0
1,1,464,302,13224 1
1,1,482,306,9918 1
1,1,504,329,5256 1
0,0,0,0,0 1
0,0,0,0,0 1
0,0,0,0,0 1
0,0,0,0,0 1
0,0,0,0,0 1
0,0,0,0,0 0
0,0,0,0,0 0
0,0,0,0,0 0
0,0,0,0,0 0
0,0,0,0,0 0
0,0,0,0,0 0
0,0,0,0,0 0
0,0,0,0,0 0
0,0,0,0,0 0
0,0,0,0,0 0
0,0,0,0,0 0
0,0,0,0,0 0
0,0,0,0,0 0
0,0,0,0,0 0
0,0,0,0,0 0
0,0,0,0,0 0
0,0,0,0,0 0
0,0,0,0,0 0
0,0,0,0,0 0
0,0,0,0,0 0
0,0,0,0,0 0
0,0,0,0,0 0
0,0,0,0,0 0
0,0,0,0,0 0
0,0,0,0,0 0
0,0,0,0,0 0
0,0,0,0,0 0
0,0,0,0,0 0
0,0,0,0,0 0
0,0,0,0,0 0
0,0,0,0,0 0
0,0,0,0,0 0
0,0,0,0,0 0
0,0,0,0,0 0
0,0,0,0,0 0
0,0,0,0,0 0
0,0,0,0,0 0
0,0,0,0,0 0
0,0,0,0,0 0
0,0,0,0,0 0
0,0,0,0,0 0
0,0,0,0,0 0
0,0,0,0,0 0
0,0,0,0,0 0
0,0,0,0,0 0
0,0,0,0,0 0
0,0,0,0,0 0
0,0,0,0,0 0
0,0,0,0,0 0
0,0,0,0,0 0
0,0,0,0,0 0
0,0,0,0,0 0
0,0,0,0,0 0
0,0,0,0,0 0
0,0,0,0,0 0
0,0,0,0,0 0
0,0,0,0,0 0
0,0,0,0,0 0
0,0,0,0,0 0
0,0,0,0,0 0
0,0,0,0,0 0
0,0,0,0,0 0
0,0,0,0,0 0
0,0,0,0,0 0
0,0,0,0,0 0
0,0,0,0,0 0
0,0,0,0,0 0
0,0,0,0,0 0
0,0,0,0,0 0
0,0,0,0,0 0
0,0,0,0,0 0
0,0,0,0,0 0
0,0,0,0,0 0
0,0,0,0,0 0
0,0,0,0,0 0
0,0,0,0,0 0
0,0,0,0,0 0
0,0,0,0,0 0
0,0,0,0,0 0
0,0,0,0,0 0
0,0,0,0,0 0
0,0,0,0,0 0
0,0,0,0,0 0
0,0,0,0,0 0
0,0,0,0,0 0
0,0,0,0,0 0
0,0,0,0,0 0
0,0,0,0,0 0
0,0,0,0,0 0
0,0,0,0,0 0
0,0,0,0,0 0
0,0,0,0,0 0
1,1,0,154,4104 0
1,1,0,152,8544 0
1,1,0,156,12567 0
1,1,0,148,17112 1
1,1,0,145,21392 1
1,1,0,143,26460 1
0,0,0,0,0 1
0,0,0,0,0 1
0,0,0,0,0 1
0,0,0,0,0 1
0,0,0,0,0 1
0,0,0,0,0 0
0,0,0,0,0 0
0,0,0,0,0 0
0,0,0,0,0 0
0,0,0,0,0 0
0,0,0,0,0 0
0,0,0,0,0 0
0,0,0,0,0 0
0,0,0,0,0 0
0,0,0,0,0 0
0,0,0,0,0 0
0,0,0,0,0 0
0,0,0,0,0 0
0,0,0,0,0 0
1,1,366,178,33408 0
1,1,390,183,28650 0
1,1,411,188,23607 0
1,1,433,193,19367 1
1,1,455,198,15300 1
1,1,477,203,10836 1
1,1,501,241,5148 1
0,0,0,0,0 1
0,0,0,0,0 1
0,0,0,0,0 1
0,0,0,0,0 1
0,0,0,0,0 1
0,0,0,0,0 0
0,0,0,0,0 0
0,0,0,0,0 0
0,0,0,0,0 0
0,0,0,0,0 0
0,0,0,0,0 0
1,1,0,771,9450 0
1,1,0,733,5434 0
1,1,0,724,9352 0
1,1,0,730,12994 1
1,1,0,735,15834 1
0,0,0,0,0 1
0,0,0,0,0 1
1,2,3,750,24024 1
0,0,0,0,0 1
1,2,31,765,24871 1
1,2,50,773,24684 1
0,0,0,0,0 1
0,0,0,0,0 1
0,0,0,0,0 0
0,0,0,0,0 0
0,0,0,0,0 0
0,0,0,0,0 0
0,0,0,0,0 0
1,1,195,807,20043 0
0,0,0,0,0 0
0,0,0,0,0 0
1,1,241,824,18088 0
1,1,260,830,17420 0
0,0,0,0,0 0
1,1,297,837,15990 0
1,1,314,841,15470 0
1,1,331,845,14950 0
1,1,346,846,14820 1
1,1,361,848,14224 1
1,1,376,852,13608 1
0,0,0,0,0 1
0,0,0,0,0 1
1,1,413,880,9520 1
1,1,425,885,8625 1
1,1,437,892,7004 1
1,1,447,901,5487 1
1,1,457,911,4067 1
0,0,0,0,0 1
0,0,0,0,0 1
0,0,0,0,0 1
0,0,0,0,0 1
0,0,0,0,0 1
0,0,0,0,0 0
0,0,0,0,0 0
0,0,0,0,0 0
0,0,0,0,0 0
0,0,0,0,0 0
0,0,0,0,0 0
0,0,0,0,0 0
0,0,0,0,0 0
0,0,0,0,0 0
0,0,0,0,0 0
0,0,0,0,0 0
0,0,0,0,0 0
0,0,0,0,0 0
0,0,0,0,0 0
0,0,0,0,0 0
0,0,0,0,0 0
0,0,0,0,0 0
0,0,0,0,0 0
0,0,0,0,0 0
0,0,0,0,0 0
0,0,0,0,0 0
0,0,0,0,0 0
0,0,0,0,0 0
0,0,0,0,0 0
0,0,0,0,0 0
0,0,0,0,0 0
0,0,0,0,0 0
0,0,0,0,0 0
0,0,0,0,0 0
0,0,0,0,0 0
0,0,0,0,0 0
0,0,0,0,0 0
0,0,0,0,0 0
0,0,0,0,0 0
0,0,0,0,0 0
0,0,0,0,0 0
0,0,0,0,0 0
0,0,0,0,0 0
0,0,0,0,0 0
1,1,0,553,4455 0
1,1,0,548,9301 0
1,1,0,545,15573 0
1,1,0,546,24240 1
1,1,0,546,29252 1
1,1,0,551,35793 1
1,1,0,557,40890 1
1,1,0,564,46110 1
0,0,0,0,0 1
0,0,0,0,0 1
0,0,0,0,0 1
0,0,0,0,0 1
0,0,0,0,0 1
0,0,0,0,0 0
0,0,0,0,0 0
0,0,0,0,0 0
0,0,0,0,0 0
0,0,0,0,0 0
0,0,0,0,0 0
0,0,0,0,0 0
0,0,0,0,0 0
0,0,0,0,0 0
0,0,0,0,0 0
0,0,0,0,0 0
0,0,0,0,0 0
0,0,0,0,0 0
0,0,0,0,0 0
0,0,0,0,0 0
0,0,0,0,0 0
0,0,0,0,0 0
0,0,0,0,0 0
0,0,0,0,0 0
0,0,0,0,0 0
0,0,0,0,0 0
0,0,0,0,0 0
0,0,0,0,0 0
0,0,0,0,0 0
0,0,0,0,0 0
0,0,0,0,0 0
0,0,0,0,0 0
0,0,0,0,0 0
0,0,0,0,0 0
1,1,404,431,39440 0
1,1,426,447,31350 0
1,1,449,469,22659 0
1,1,473,497,14338 1
1,1,499,516,7749 1
0,0,0,0,0 1
0,0,0,0,0 1
0,0,0,0,0 1
0,0,0,0,0 1
0,0,0,0,0 1
0,0,0,0,0 0
0,0,0,0,0 0
0,0,0,0,0 0
0,0,0,0,0 0
0,0,0,0,0 0
0,0,0,0,0 0
0,0,0,0,0 0
0,0,0,0,0 0
0,0,0,0,0 0
0,0,0,0,0 0
0,0,0,0,0 0
0,0,0,0,0 0
0,0,0,0,0 0
0,0,0,0,0 0
0,0,0,0,0 0
0,0,0,0,0 0
0,0,0,0,0 0
0,0,0,0,0 0
0,0,0,0,0 0
1,1,0,292,3510 0
1,1,0,279,7875 0
1,1,0,280,11571 0
1,1,0,261,18860 1
1,1,0,257,25702 1
1,1,0,265,29714 1
0,0,0,0,0 1
1,2,0,279,36888 1
1,2,8,284,38925 1
1,2,27,290,38356 1
1,2,64,297,34850 1
1,2,88,307,33600 1
1,2,109,324,32340 1
1,2,131,334,31488 2
1,2,153,342,30644 2
1,2,175,349,29624 2
1,2,196,356,29484 2
1,2,215,366,28980 2
1,2,235,374,28658 2
1,2,256,380,28336 2
1,2,276,384,28000 2
1,2,297,389,27520 2
1,2,319,397,27030 2
1,2,339,411,26219 2
0,0,0,0,0 2
1,2,381,438,25122 2
0,0,0,0,0 2
0,0,0,0,0 2
0,0,0,0,0 2
1,1,477,471,9450 2
1,1,500,492,5200 2
0,0,0,0,0 2
0,0,0,0,0 0
0,0,0,0,0 0
0,0,0,0,0 0
0,0,0,0,0 0
0,0,0,0,0 0
0,0,0,0,0 0
0,0,0,0,0 0
0,0,0,0,0 0
0,0,0,0,0 0
0,0,0,0,0 0
0,0,0,0,0 0
0,0,0,0,0 0
0,0,0,0,0 0
0,0,0,0,0 0
0,0,0,0,0 0
0,0,0,0,0 0
0,0,0,0,0 0
0,0,0,0,0 0
0,0,0,0,0 0
0,0,0,0,0 0
0,0,0,0,0 0
0,0,0,0,0 0
0,0,0,0,0 0
0,0,0,0,0 0
0,0,0,0,0 0
0,0,0,0,0 0
0,0,0,0,0 0
0,0,0,0,0 0
0,0,0,0,0 0
0,0,0,0,0 0
0,0,0,0,0 0
0,0,0,0,0 0
0,0,0,0,0 0
0,0,0,0,0 0
0,0,0,0,0 0
0,0,0,0,0 0
0,0,0,0,0 0
0,0,0,0,0 0
0,0,0,0,0 0
0,0,0,0,0 0
0,0,0,0,0 0
0,0,0,0,0 0
0,0,0,0,0 0
0,0,0,0,0 0
0,0,0,0,0 0
0,0,0,0,0 0
0,0,0,0,0 0
0,0,0,0,0 0
0,0,0,0,0 0
0,0,0,0,0 0
0,0,0,0,0 0
0,0,0,0,0 0
0,0,0,0,0 0
0,0,0,0,0 0
0,0,0,0,0 0
0,0,0,0,0 0
0,0,0,0,0 0
1,1,0,484,3488 0
1,1,0,464,6784 0
1,1,0,453,9490 0
1,1,0,443,11997 1
0,0,0,0,0 1
0,0,0,0,0 1
0,0,0,0,0 1
0,0,0,0,0 1
0,0,0,0,0 1
1,2,91,411,14160 1
0,0,0,0,0 0
0,0,0,0,0 0
0,0,0,0,0 0
1,2,168,409,12654 0
1,2,186,403,12543 0
0,0,0,0,0 0
0,0,0,0,0 0
1,2,237,396,12210 0
1,2,254,391,11990 0
0,0,0,0,0 0
0,0,0,0,0 2
0,0,0,0,0 2
0,0,0,0,0 0
1,2,328,382,11984 0
0,0,0,0,0 0
0,0,0,0,0 0
0,0,0,0,0 0
0,0,0,0,0 0
0,0,0,0,0 0
0,0,0,0,0 0
0,0,0,0,0 0
0,0,0,0,0 0
0,0,0,0,0 0
1,1,445,370,9975 0
1,1,453,362,9135 0
1,1,464,363,7904 0
1,1,474,365,6864 1
1,1,485,371,5390 1
1,1,496,369,3916 1
0,0,0,0,0 1
0,0,0,0,0 1
0,0,0,0,0 1
0,0,0,0,0 1
0,0,0,0,0 1
0,0,0,0,0 0
0,0,0,0,0 0
0,0,0,0,0 0
0,0,0,0,0 0
0,0,0,0,0 0
0,0,0,0,0 0
0,0,0,0,0 0
0,0,0,0,0 0
0,0,0,0,0 0
0,0,0,0,0 0
0,0,0,0,0 0
0,0,0,0,0 0
0,0,0,0,0 0
0,0,0,0,0 0
0,0,0,0,0 0
0,0,0,0,0 0
0,0,0,0,0 0
0,0,0,0,0 0
0,0,0,0,0 0
0,0,0,0,0 0
0,0,0,0,0 0
0,0,0,0,0 0
0,0,0,0,0 0
0,0,0,0,0 0
0,0,0,0,0 0
0,0,0,0,0 0
0,0,0,0,0 0
0,0,0,0,0 0
0,0,0,0,0 0
0,0,0,0,0 0
0,0,0,0,0 0
0,0,0,0,0 0
0,0,0,0,0 0
0,0,0,0,0 0
0,0,0,0,0 0
0,0,0,0,0 0
0,0,0,0,0 0
0,0,0,0,0 0
0,0,0,0,0 0
0,0,0,0,0 0
0,0,0,0,0 0
0,0,0,0,0 0
0,0,0,0,0 0
0,0,0,0,0 0
0,0,0,0,0 0
0,0,0,0,0 0
0,0,0,0,0 0
1,1,0,368,3136 0
1,1,0,368,4554 0
1,1,0,368,6174 0
1,1,0,370,8769 1
1,1,0,372,10340 1
0,0,0,0,0 1
0,0,0,0,0 1
0,0,0,0,0 1
1,1,59,370,10815 1
0,0,0,0,0 1
1,1,93,367,10296 1
0,0,0,0,0 1
1,1,126,364,9991 1
1,1,141,363,9792 1
1,1,157,363,9494 1
1,1,173,361,9393 1
1,1,189,359,9200 1
1,1,205,357,9200 1
1,1,220,354,9300 1
1,1,237,352,9009 1
1,1,253,348,9200 1
1,1,268,346,9108 1
1,1,283,345,9108 1
0,0,0,0,0 1
1,1,313,340,9207 1
0,0,0,0,0 1
1,1,340,335,9405 1
1,1,354,332,9405 1
1,1,366,329,9603 1
1,1,378,326,9700 1
1,1,389,324,9702 1
0,0,0,0,0 1
1,1,415,318,9801 1
1,1,426,313,10000 1
1,1,437,311,10100 1
1,1,448,311,9200 1
1,1,459,311,8100 1
1,1,469,311,6958 1
1,1,479,312,5917 1
1,1,489,310,4896 1
1,1,499,307,3854 1
0,0,0,0,0 1
1,1,0,418,3612 1
1,1,0,415,4399 1
1,1,0,411,5312 1
0,0,0,0,0 1
0,0,0,0,0 1
0,0,0,0,0 1
1,2,27,405,6642 1
0,0,0,0,0 1
0,0,0,0,0 1
0,0,0,0,0 0
0,0,0,0,0 0
0,0,0,0,0 0
0,0,0,0,0 0
0,0,0,0,0 0
1,2,111,400,5846 0
0,0,0,0,0 0
0,0,0,0,0 0
0,0,0,0,0 0
0,0,0,0,0 0
0,0,0,0,0 0
0,0,0,0,0 0
0,0,0,0,0 0
0,0,0,0,0 0
0,0,0,0,0 0
0,0,0,0,0 0
0,0,0,0,0 0
0,0,0,0,0 0
0,0,0,0,0 0
0,0,0,0,0 0
0,0,0,0,0 0
0,0,0,0,0 0
0,0,0,0,0 0
0,0,0,0,0 0
0,0,0,0,0 0
0,0,0,0,0 0
0,0,0,0,0 0
1,1,126,459,5548 0
0,0,0,0,0 0
0,0,0,0,0 0
0,0,0,0,0 0
0,0,0,0,0 0
0,0,0,0,0 0
0,0,0,0,0 0
0,0,0,0,0 0
0,0,0,0,0 0
0,0,0,0,0 0
0,0,0,0,0 0
0,0,0,0,0 0
0,0,0,0,0 0
0,0,0,0,0 0
0,0,0,0,0 0
0,0,0,0,0 0
0,0,0,0,0 0
0,0,0,0,0 0
0,0,0,0,0 0
0,0,0,0,0 0
0,0,0,0,0 0
0,0,0,0,0 0
0,0,0,0,0 0
0,0,0,0,0 0
0,0,0,0,0 0
0,0,0,0,0 0
0,0,0,0,0 0
0,0,0,0,0 0
0,0,0,0,0 0
0,0,0,0,0 0
0,0,0,0,0 0
0,0,0,0,0 0
0,0,0,0,0 0
0,0,0,0,0 0
0,0,0,0,0 0
0,0,0,0,0 0
0,0,0,0,0 0
0,0,0,0,0 0
0,0,0,0,0 0
1,1,474,330,4752 0
1,1,488,325,3692 0
0,0,0,0,0 0
0,0,0,0,0 0
0,0,0,0,0 0
0,0,0,0,0 0
0,0,0,0,0 0
0,0,0,0,0 0
0,0,0,0,0 0
0,0,0,0,0 0
0,0,0,0,0 0
0,0,0,0,0 0
0,0,0,0,0 0
0,0,0,0,0 0
0,0,0,0,0 0
0,0,0,0,0 0
0,0,0,0,0 0
0,0,0,0,0 0
0,0,0,0,0 0
0,0,0,0,0 0
0,0,0,0,0 0
0,0,0,0,0 0
0,0,0,0,0 0
0,0,0,0,0 0
0,0,0,0,0 0
0,0,0,0,0 0
0,0,0,0,0 0
0,0,0,0,0 0
0,0,0,0,0 0
0,0,0,0,0 0
0,0,0,0,0 0
1,1,0,548,3333 0
1,1,0,535,7744 0
1,1,0,529,12998 0
1,1,0,523,17608 1
0,0,0,0,0 1
0,0,0,0,0 1
0,0,0,0,0 1
0,0,0,0,0 1
0,0,0,0,0 1
0,0,0,0,0 0
0,0,0,0,0 0
0,0,0,0,0 0
0,0,0,0,0 0
0,0,0,0,0 0
0,0,0,0,0 0
1,1,250,462,19803 0
0,0,0,0,0 0
1,1,288,456,20040 0
0,0,0,0,0 0
0,0,0,0,0 0
1,1,348,442,21063 0
0,0,0,0,0 0
1,1,391,430,17731 0
1,1,415,424,14750 0
1,1,435,418,11970 0
1,1,454,420,8858 1
1,1,481,440,3953 1
0,0,0,0,0 1
0,0,0,0,0 1
0,0,0,0,0 1
0,0,0,0,0 1
0,0,0,0,0 1
0,0,0,0,0 0
0,0,0,0,0 0
1,1,0,889,3408 0
1,1,0,858,7548 0
1,1,0,842,11210 0
1,1,0,826,15008 1
1,1,0,810,19800 1
1,1,0,796,25256 1
1,1,11,782,28658 1
1,1,25,773,30668 1
1,1,41,765,32760 1
1,1,53,755,36080 1
1,1,67,747,38127 1
0,0,0,0,0 1
1,1,112,730,40940 1
0,0,0,0,0 1
1,1,160,723,42186 1
1,1,187,717,43740 1
1,1,208,713,47671 1
1,1,236,713,48412 1
1,1,262,712,48608 1
1,1,295,712,47616 1
1,1,328,708,47880 1
1,1,358,704,46592 1
1,1,387,702,39474 1
1,1,414,698,33012 1
1,1,441,698,25938 1
1,1,467,707,18469 1
1,1,495,766,8730 1
0,0,0,0,0 1
0,0,0,0,0 1
1,1,0,427,8100 1
1,1,0,415,15743 1
0,0,0,0,0 1
1,2,7,403,28223 1
1,2,44,396,27225 1
1,2,83,390,26244 1
1,2,124,384,25280 1
1,2,160,379,24648 1
1,2,196,375,24024 1
1,2,227,371,23408 1
1,2,259,365,23716 1
1,2,292,359,23562 1
1,2,326,354,23868 1
0,0,0,0,0 1
0,0,0,0,0 1
0,0,0,0,0 1
1,1,450,338,13950 1
1,1,479,340,8784 1
1,1,507,357,3465 1
0,0,0,0,0 1
0,0,0,0,0 1
0,0,0,0,0 0
0,0,0,0,0 0
0,0,0,0,0 0
0,0,0,0,0 0
0,0,0,0,0 0
0,0,0,0,0 0
0,0,0,0,0 0
0,0,0,0,0 0
0,0,0,0,0 0
0,0,0,0,0 0
0,0,0,0,0 0
0,0,0,0,0 0
0,0,0,0,0 0
0,0,0,0,0 0
0,0,0,0,0 0
0,0,0,0,0 0
0,0,0,0,0 0
0,0,0,0,0 0
0,0,0,0,0 0
0,0,0,0,0 0
0,0,0,0,0 0
0,0,0,0,0 0
0,0,0,0,0 0
0,0,0,0,0 0
0,0,0,0,0 0
0,0,0,0,0 0
0,0,0,0,0 0
0,0,0,0,0 0
0,0,0,0,0 0
0,0,0,0,0 0
0,0,0,0,0 0
0,0,0,0,0 0
0,0,0,0,0 0
0,0,0,0,0 0
0,0,0,0,0 0
0,0,0,0,0 0
0,0,0,0,0 0
0,0,0,0,0 0
0,0,0,0,0 0
0,0,0,0,0 0
0,0,0,0,0 0
0,0,0,0,0 0
0,0,0,0,0 0
0,0,0,0,0 0
1,1,475,315,6695 0
0,0,0,0,0 0
0,0,0,0,0 0
0,0,0,0,0 0
0,0,0,0,0 0
0,0,0,0,0 0
0,0,0,0,0 0
1,1,495,532,4140 0
1,1,434,563,6365 0
0,0,0,0,0 0
0,0,0,0,0 0
0,0,0,0,0 0
0,0,0,0,0 0
1,1,136,735,18900 0
1,1,75,771,17577 0
0,0,0,0,0 0
1,1,0,851,5777 1
0,0,0,0,0 0
0,0,0,0,0 0
